+---+------+--------------------+--------------------+------------------------+------------------------+
|   | iter |         xi         |       g(xi)        |         f(xi)          |           E            |
+---+------+--------------------+--------------------+------------------------+------------------------+
| 0 | 0.0  |        0.0         |        0.5         |          1.0           |          nan           |
| 1 | 1.0  |        0.5         |        0.5         |  0.37758256189037276   |          1.0           |
| 2 | 2.0  | 0.6887912809451864 | 0.6887912809451864 |  0.08322356508999995   |   0.2740906950594955   |
| 3 | 3.0  | 0.7304030634901864 | 0.7304030634901864 |  0.014502487528796237  |  0.05697098578168692   |
| 4 | 4.0  | 0.7376543072545845 | 0.7376543072545845 | 0.0023938906597534837  |  0.009830138173239892  |
| 5 | 5.0  | 0.7388512525844613 | 0.7388512525844613 | 0.00039140522146163814 | 0.0016200085276839528  |
| 6 | 6.0  | 0.7390469551951921 | 0.7390469551951921 |  6.38946548324748e-05  | 0.0002648040281543233  |
| 7 | 7.0  | 0.7390789025226083 | 0.7390789025226083 | 1.042774765946941e-05  | 4.322586845212325e-05  |
| 8 | 8.0  | 0.7390841163964381 | 0.7390841163964381 | 1.7017596634083532e-06 | 7.054506671326625e-06  |
| 9 | 9.0  | 0.7390849672762698 | 0.7390849672762698 | 2.7771731359038654e-07 | 1.1512611802130158e-06 |
+---+------+--------------------+--------------------+------------------------+------------------------+