+----+------+-----------+-----------+-----------+---------------+--------------+
|    | iter |     a     |    xm     |     b     |     f(xm)     |      E       |
+----+------+-----------+-----------+-----------+---------------+--------------+
| 0  |  1   | 1.0000000 | 1.9285714 | 4.0000000 | -2.6791181E+1 |              |
| 1  |  2   | 1.9285714 | 2.3172230 | 4.0000000 | -9.9709619E+0 | 3.8865157E-1 |
| 2  |  3   | 2.3172230 | 2.4504196 | 4.0000000 | -3.2544234E+0 | 1.3319661E-1 |
| 3  |  4   | 2.4504196 | 2.4927073 | 4.0000000 | -1.0162131E+0 | 4.2287662E-2 |
| 4  |  5   | 2.4927073 | 2.5057972 | 4.0000000 | -3.1291420E-1 | 1.3089900E-2 |
| 5  |  6   | 2.5057972 | 2.5098170 | 4.0000000 | -9.5937875E-2 | 4.0198226E-3 |
| 6  |  7   | 2.5098170 | 2.5110484 | 4.0000000 | -2.9375091E-2 | 1.2314384E-3 |
| 7  |  8   | 2.5110484 | 2.5114254 | 4.0000000 | -8.9906690E-3 | 3.7695702E-4 |
| 8  |  9   | 2.5114254 | 2.5115408 | 4.0000000 | -2.7513816E-3 | 1.1536418E-4 |
| 9  |  10  | 2.5115408 | 2.5115761 | 4.0000000 | -8.4196324E-4 | 3.5303640E-5 |
| 10 |  11  | 2.5115761 | 2.5115869 | 4.0000000 | -2.5765014E-4 | 1.0803355E-5 |
| 11 |  12  | 2.5115869 | 2.5115902 | 4.0000000 | -7.8843533E-5 | 3.3059396E-6 |
+----+------+-----------+-----------+-----------+---------------+--------------+